12998
13005
13023
13027
13035
13047
13098
13101
13142
13143
13158
13165
13176
13183
13226
13228
13245
13274
13284
13289
13305
13308
13321
13327
13358
13366
13383
13384
13412
13424
13433
13466
13509
13512
13514
13553
13554
13563
13624
13670
13687
13696
13710
13735
13741
13768
13769
13772
13798
13823
13830
13838
13841
13850
13855
13885
13891
13894
13896
13916
13960
13978
13993
13999
14012
14030
14048
14051
14054
14059
14077
14086
14106
14129
14195
14196
14199
14207
14239
14243
14253
14283
14292
14296
14300
14342
14347
14386
14388
14418
14435
14441
14464
14471
14488
14492
14498
14505
14510
14522
14523
14530
14535
14536
14539
14556
14566
14568
14615
14618
14640
14661
14670
14686
14697
14734
14741
14778
14787
14792
14801
14815
14843
14844
14861
14866
14871
14891
14902
14909
14918
14921
14948
14952
14953
14966
14974
14976
14996
15015
15044
15048
15050
15072
15086
15092
15108
15109
15111
15125
15136
15161
15167
15188
15192
15205
15210
15214
15281
15284
15286
15292
15295
15327
15343
15372
15379
15402
15416
15417
15418
15444
15449
15458
15461
15472
15498
15504
15508
15509
15514
15521
15541
15551
15556
15563
15592
15597
15602
15629
15635
15650
15653
15660
15665
15692
15737
15808
15809
15826
15833
15834
15842
15851
15912
15925
15947
15973
15977
15999
16040
16073
16098
16114
16137
16171
16173
16196
16200
16202
16214
16217
16236
16251
16270
16274
16277
16286
16289
16302
16325
16328
16339
16341
16342
16356
16395
16413
16440
16444
16450
16452
16503
16509
16511
16518
16584
16609
16649
16689
16710
16724
16732
16755
16778
16781
16825
16828
16836
16841
16865
16869
16879
16886
16907
16911
16915
16949
16953
16962
16994
17002
17010
17012
17031
17044
17051
17057
17070
17088
17101
17105
17129
17143
17174
17203
17220
17233
17240
17257
17260
17277
17288
17291
17307
17335
17355
17367
17411
