12998
13002
13005
13007
13020
13023
13027
13030
13031
13035
13037
13039
13043
13047
13050
13051
13053
13054
13062
13063
13064
13065
13067
13071
13073
13075
13076
13080
13081
13083
13095
13096
13098
13099
13101
13106
13107
13110
13112
13114
13117
13118
13128
13133
13135
13137
13138
13139
13142
13143
13145
13147
13149
13150
13152
13153
13155
13158
13164
13165
13167
13169
13171
13176
13180
13181
13183
13184
13186
13195
13196
13197
13198
13200
13201
13204
13211
13217
13218
13222
13226
13227
13228
13231
13233
13237
13238
13239
13244
13245
13246
13248
13257
13258
13261
13272
13274
13275
13283
13284
13287
13289
13294
13297
13299
13303
13305
13306
13308
13313
13316
13321
13322
13324
13326
13327
13329
13330
13332
13335
13336
13338
13341
13342
13343
13350
13355
13356
13357
13358
13366
13371
13372
13373
13375
13382
13383
13384
13389
13390
13396
13398
13399
13400
13402
13404
13407
13412
13413
13415
13418
13419
13422
13424
13425
13429
13432
13433
13435
13436
13440
13443
13448
13461
13462
13464
13466
13471
13473
13481
13482
13486
13492
13493
13496
13499
13502
13504
13506
13509
13511
13512
13513
13514
13521
13527
13529
13533
13534
13535
13539
13545
13550
13553
13554
13555
13557
13559
13560
13563
13566
13572
13575
13576
13578
13579
13581
13583
13586
13588
13590
13592
13596
13597
13601
13605
13610
13612
13614
13619
13624
13627
13628
13631
13637
13645
13651
13653
13655
13656
13660
13670
13672
13673
13680
13683
13687
13688
13689
13691
13692
13694
13695
13696
13699
13700
13706
13710
13724
13727
13735
13736
13740
13741
13747
13752
13754
13768
13769
13772
13775
13778
13780
13781
13783
13787
13790
13791
13794
13796
13798
13799
13805
13810
13811
13817
13818
13822
13823
13824
13827
13830
13831
13832
13838
13841
13844
13848
13849
13850
13852
13855
13857
13863
13865
13867
13869
13876
13884
13885
13889
13890
13891
13894
13896
13900
13901
13902
13911
13913
13916
13917
13925
13928
13931
13940
13941
13942
13948
13952
13960
13961
13964
13965
13966
13969
13970
13973
13978
13979
13980
13985
13987
13988
13989
13993
13996
13999
14006
14012
14015
14017
14023
14024
14030
14034
14035
14037
14041
14045
14048
14050
14051
14053
14054
14058
14059
14062
14064
14070
14073
14075
14077
14080
14083
14086
14092
14093
14095
14096
14102
14103
14104
14106
14108
14109
14115
14119
14123
14127
14128
14129
14133
14137
14143
14149
14150
14153
14154
14162
14165
14166
14168
14169
14172
14175
14178
14181
14182
14184
14188
14195
14196
14199
14200
14202
14207
14210
14222
14226
14231
14232
14235
14239
14241
14243
14244
14249
14250
14253
14255
14256
14260
14264
14265
14266
14268
14272
14274
14276
14281
14283
14289
14292
14296
14300
14305
14319
14321
14327
14329
14331
14336
14342
14343
14347
14353
14364
14368
14371
14377
14379
14381
14383
14385
14386
14387
14388
14391
14398
14408
14415
14417
14418
14419
14429
14430
14431
14435
14437
14439
14441
14445
14447
14449
14451
14452
14454
14457
14458
14463
14464
14465
14469
14471
14475
14478
14481
14482
14484
14485
14486
14487
14488
14492
14497
14498
14499
14500
14501
14504
14505
14510
14515
14518
14520
14522
14523
14525
14526
14530
14533
14535
14536
14538
14539
14541
14546
14547
14554
14556
14557
14560
14561
14566
14567
14568
14570
14572
14574
14578
14579
14582
14583
14589
14590
14591
14592
14599
14600
14602
14604
14605
14608
14613
14615
14617
14618
14619
14621
14623
14624
14626
14628
14631
14633
14637
14640
14642
14644
14646
14647
14651
14655
14656
14661
14664
14670
14675
14676
14680
14682
14683
14685
14686
14688
14690
14693
14697
14708
14712
14715
14720
14724
14727
14728
14730
14731
14733
14734
14738
14741
14744
14746
14748
14752
14758
14761
14763
14766
14770
14774
14777
14778
14779
14782
14784
14787
14788
14792
14795
14796
14801
14802
14805
14810
14811
14815
14818
14823
14825
14828
14837
14839
14843
14844
14848
14851
14861
14863
14865
14866
14867
14871
14874
14875
14876
14879
14886
14891
14893
14902
14903
14909
14915
14916
14917
14918
14919
14921
14925
14926
14931
14936
14937
14938
14939
14941
14946
14947
14948
14949
14951
14952
14953
14955
14957
14959
14961
14962
14964
14965
14966
14971
14974
14975
14976
14978
14979
14983
14984
14989
14990
14992
14996
15000
15006
15007
15009
15011
15012
15015
15018
15025
15029
15030
15036
15041
15043
15044
15047
15048
15050
15054
15055
15059
15060
15064
15070
15071
15072
15073
15074
15076
15086
15090
15092
15098
15100
15102
15105
15108
15109
15111
15115
15118
15125
15126
15131
15132
15136
15140
15142
15146
15152
15154
15161
15164
15166
15167
15175
15176
15178
15182
15183
15184
15187
15188
15191
15192
15193
15194
15196
15200
15203
15204
15205
15210
15212
15214
15216
15217
15218
15219
15222
15225
15229
15233
15237
15239
15241
15243
15247
15252
15257
15260
15261
15263
15266
15270
15272
15273
15277
15279
15280
15281
15283
15284
15286
15289
15292
15293
15294
15295
15296
15301
15302
15305
15307
15310
15318
15327
15328
15335
15337
15339
15343
15354
15355
15369
15372
15373
15376
15379
15382
15383
15388
15389
15390
15391
15395
15396
15402
15407
15409
15411
15416
15417
15418
15421
15429
15432
15434
15435
15436
15443
15444
15447
15448
15449
15453
15456
15458
15461
15462
15463
15465
15471
15472
15474
15477
15482
15484
15486
15487
15489
15492
15493
15498
15501
15503
15504
15505
15508
15509
15513
15514
15515
15517
15518
15521
15523
15526
15530
15531
15537
15538
15541
15542
15543
15545
15548
15551
15554
15556
15563
15565
15566
15568
15572
15578
15581
15583
15584
15588
15590
15592
15596
15597
15599
15602
15610
15614
15616
15619
15621
15624
15626
15627
15629
15633
15634
15635
15641
15646
15648
15649
15650
15653
15654
15659
15660
15662
15664
15665
15669
15674
15676
15678
15680
15681
15684
15686
15688
15691
15692
15701
15706
15708
15715
15720
15721
15722
15729
15731
15735
15737
15739
15742
15744
15747
15750
15752
15753
15755
15767
15773
15774
15776
15777
15784
15788
15792
15793
15797
15798
15803
15804
15808
15809
15810
15811
15813
15826
15830
15831
15833
15834
15839
15840
15842
15843
15847
15849
15851
15852
15856
15857
15858
15861
15865
15866
15869
15874
15875
15880
15886
15888
15889
15896
15899
15902
15904
15908
15909
15912
15913
15918
15922
15923
15924
15925
15929
15939
15941
15943
15945
15947
15948
15950
15953
15958
15962
15968
15969
15970
15972
15973
15977
15979
15982
15984
15992
15997
15999
16003
16005
16007
16011
16016
16018
16021
16030
16036
16040
16047
16052
16064
16068
16069
16071
16073
16076
16077
16080
16081
16087
16094
16098
16099
16101
16104
16106
16108
16109
16111
16112
16114
16115
16121
16124
16125
16127
16129
16132
16135
16137
16141
16146
16151
16152
16157
16164
16165
16166
16171
16173
16174
16175
16178
16182
16185
16189
16190
16193
16195
16196
16200
16202
16203
16205
16207
16211
16213
16214
16217
16220
16223
16225
16229
16230
16233
16236
16243
16248
16251
16253
16256
16258
16260
16262
16268
16269
16270
16274
16277
16284
16286
16289
16290
16299
16302
16304
16309
16312
16313
16314
16318
16324
16325
16326
16328
16333
16334
16338
16339
16341
16342
16345
16347
16349
16354
16356
16358
16359
16360
16361
16365
16369
16372
16373
16376
16385
16388
16390
16395
16397
16399
16403
16407
16411
16412
16413
16424
16427
16428
16429
16440
16444
16445
16447
16450
16452
16468
16471
16472
16474
16492
16493
16495
16496
16498
16499
16501
16503
16509
16510
16511
16518
16520
16523
16528
16529
16532
16538
16541
16546
16550
16552
16555
16561
16564
16573
16581
16583
16584
16586
16588
16591
16597
16599
16602
16605
16607
16609
16615
16616
16617
16630
16634
16636
16642
16645
16649
16650
16651
16653
16656
16657
16659
16660
16661
16665
16669
16674
16675
16678
16679
16683
16687
16688
16689
16690
16704
16710
16717
16718
16721
16724
16729
16730
16732
16737
16738
16739
16742
16744
16745
16746
16748
16752
16755
16756
16770
16774
16775
16778
16781
16785
16786
16787
16788
16789
16790
16793
16795
16797
16798
16801
16803
16811
16817
16820
16821
16824
16825
16828
16829
16831
16832
16834
16836
16841
16842
16845
16847
16849
16852
16855
16863
16865
16869
16879
16884
16886
16887
16890
16891
16897
16898
16900
16902
16903
16907
16910
16911
16912
16915
16924
16925
16929
16930
16932
16937
16938
16939
16940
16942
16944
16949
16953
16959
16962
16966
16972
16973
16976
16980
16988
16989
16992
16994
16995
16996
16997
17002
17006
17007
17010
17012
17021
17022
17024
17025
17031
17035
17038
17039
17041
17042
17044
17048
17051
17057
17067
17069
17070
17072
17073
17075
17077
17084
17087
17088
17089
17090
17093
17095
17100
17101
17102
17104
17105
17108
17116
17119
17121
17123
17125
17126
17128
17129
17133
17138
17141
17143
17147
17149
17153
17155
17160
17164
17166
17167
17174
17175
17177
17178
17181
17185
17189
17198
17201
17203
17205
17208
17209
17212
17219
17220
17223
17224
17227
17228
17229
17232
17233
17234
17235
17240
17241
17248
17250
17253
17257
17260
17264
17265
17266
17271
17275
17276
17277
17283
17287
17288
17291
17295
17307
17308
17314
17317
17319
17320
17322
17324
17325
17326
17328
17334
17335
17337
17355
17361
17362
17363
17367
17372
17374
17375
17377
17378
17383
17384
17386
17387
17395
17406
17407
17411
17414
