12998
13005
13007
13023
13027
13030
13031
13035
13043
13047
13050
13063
13065
13075
13076
13081
13098
13101
13106
13107
13117
13118
13128
13137
13142
13143
13147
13149
13152
13155
13158
13165
13171
13176
13183
13184
13196
13197
13217
13218
13222
13226
13228
13231
13238
13245
13248
13274
13275
13284
13289
13297
13299
13305
13306
13308
13316
13321
13326
13327
13329
13330
13356
13357
13358
13366
13371
13372
13383
13384
13389
13396
13400
13404
13407
13412
13415
13419
13424
13433
13436
13461
13466
13473
13482
13499
13502
13506
13509
13512
13514
13521
13533
13535
13550
13553
13554
13555
13557
13559
13560
13563
13572
13575
13579
13583
13592
13596
13610
13624
13627
13631
13653
13655
13670
13687
13689
13695
13696
13706
13710
13724
13735
13740
13741
13752
13768
13769
13772
13787
13798
13811
13823
13830
13838
13841
13848
13849
13850
13855
13863
13867
13869
13885
13889
13890
13891
13894
13896
13900
13913
13916
13917
13928
13941
13952
13960
13961
13964
13978
13993
13999
14012
14015
14017
14023
14024
14030
14048
14051
14054
14059
14070
14077
14080
14086
14104
14106
14119
14123
14127
14129
14137
14149
14153
14162
14165
14169
14175
14178
14195
14196
14199
14207
14222
14226
14231
14235
14239
14241
14243
14244
14253
14255
14266
14268
14274
14276
14283
14292
14296
14300
14319
14327
14329
14342
14347
14364
14371
14377
14383
14385
14386
14388
14418
14419
14430
14431
14435
14441
14449
14452
14458
14463
14464
14469
14471
14482
14485
14487
14488
14492
14498
14500
14501
14505
14510
14518
14520
14522
14523
14530
14535
14536
14538
14539
14554
14556
14560
14566
14567
14568
14572
14574
14583
14600
14613
14615
14618
14624
14626
14628
14637
14640
14655
14656
14661
14670
14675
14685
14686
14690
14697
14708
14712
14715
14720
14727
14730
14734
14741
14761
14774
14778
14784
14787
14792
14801
14815
14837
14843
14844
14861
14865
14866
14867
14871
14874
14875
14891
14902
14903
14909
14915
14917
14918
14921
14936
14938
14947
14948
14951
14952
14953
14959
14962
14964
14966
14974
14976
14983
14992
14996
15000
15015
15036
15044
15048
15050
15059
15064
15070
15072
15074
15076
15086
15090
15092
15102
15108
15109
15111
15125
15131
15132
15136
15140
15146
15152
15161
15164
15167
15178
15182
15183
15188
15192
15203
15205
15210
15214
15218
15222
15233
15257
15260
15263
15270
15273
15279
15281
15284
15286
15289
15292
15295
15296
15307
15327
15335
15343
15355
15369
15372
15379
15382
15389
15390
15391
15402
15411
15416
15417
15418
15429
15432
15444
15447
15448
15449
15453
15458
15461
15463
15465
15472
15477
15482
15486
15487
15489
15493
15498
15501
15504
15505
15508
15509
15513
15514
15515
15521
15526
15531
15538
15541
15543
15545
15551
15554
15556
15563
15565
15584
15592
15597
15602
15621
15626
15629
15633
15634
15635
15648
15650
15653
15659
15660
15665
15669
15674
15681
15691
15692
15715
15729
15735
15737
15747
15752
15753
15755
15774
15776
15777
15792
15797
15808
15809
15813
15826
15833
15834
15839
15842
15847
15851
15852
15866
15869
15874
15880
15889
15899
15904
15908
15909
15912
15913
15922
15925
15929
15939
15947
15962
15973
15977
15982
15999
16007
16011
16016
16036
16040
16047
16064
16069
16073
16077
16080
16087
16094
16098
16099
16104
16109
16114
16137
16164
16171
16173
16182
16185
16193
16196
16200
16202
16205
16213
16214
16217
16225
16229
16236
16243
16251
16253
16258
16262
16268
16270
16274
16277
16286
16289
16302
16304
16312
16318
16324
16325
16326
16328
16338
16339
16341
16342
16345
16354
16356
16358
16361
16365
16372
16390
16395
16412
16413
16428
16440
16444
16447
16450
16452
16471
16472
16495
16501
16503
16509
16510
16511
16518
16523
16529
16541
16546
16564
16581
16584
16586
16597
16607
16609
16615
16616
16642
16649
16650
16657
16659
16660
16661
16674
16675
16689
16690
16710
16718
16724
16730
16732
16739
16742
16755
16756
16774
16775
16778
16781
16785
16788
16789
16795
16797
16801
16811
16821
16824
16825
16828
16829
16831
16834
16836
16841
16842
16847
16863
16865
16869
16879
16884
16886
16887
16890
16891
16897
16907
16910
16911
16912
16915
16924
16925
16932
16938
16939
16940
16944
16949
16953
16959
16962
16976
16988
16994
17002
17010
17012
17022
17031
17038
17044
17051
17057
17070
17072
17075
17084
17088
17089
17100
17101
17102
17104
17105
17116
17119
17128
17129
17143
17147
17155
17164
17167
17174
17178
17181
17185
17203
17205
17220
17224
17233
17234
17240
17250
17253
17257
17260
17266
17275
17276
17277
17287
17288
17291
17307
17314
17317
17320
17324
17326
17334
17335
17355
17363
17367
17374
17377
17378
17384
17387
17411
17414
