12995
12996
12998
12999
13001
13002
13004
13005
13006
13007
13008
13009
13010
13011
13012
13014
13016
13018
13019
13020
13021
13023
13026
13027
13030
13031
13032
13035
13037
13038
13039
13040
13041
13043
13046
13047
13050
13051
13053
13054
13059
13060
13062
13063
13064
13065
13067
13070
13071
13073
13075
13076
13077
13080
13081
13082
13083
13084
13085
13092
13093
13095
13096
13098
13099
13100
13101
13102
13103
13106
13107
13110
13112
13113
13114
13115
13117
13118
13120
13125
13126
13127
13128
13129
13133
13135
13137
13138
13139
13141
13142
13143
13145
13146
13147
13149
13150
13152
13153
13155
13156
13158
13159
13160
13162
13163
13164
13165
13166
13167
13169
13171
13176
13177
13178
13179
13180
13181
13182
13183
13184
13186
13188
13190
13192
13193
13194
13195
13196
13197
13198
13200
13201
13202
13204
13205
13206
13208
13209
13211
13212
13214
13216
13217
13218
13219
13220
13221
13222
13224
13226
13227
13228
13229
13230
13231
13232
13233
13234
13235
13237
13238
13239
13244
13245
13246
13248
13249
13250
13251
13253
13254
13255
13257
13258
13259
13261
13264
13267
13268
13271
13272
13273
13274
13275
13277
13279
13281
13282
13283
13284
13285
13286
13287
13288
13289
13290
13294
13295
13296
13297
13299
13300
13301
13303
13305
13306
13307
13308
13309
13312
13313
13314
13315
13316
13318
13319
13321
13322
13324
13325
13326
13327
13328
13329
13330
13331
13332
13335
13336
13337
13338
13339
13340
13341
13342
13343
13345
13346
13350
13351
13354
13355
13356
13357
13358
13360
13361
13362
13363
13364
13365
13366
13369
13370
13371
13372
13373
13375
13382
13383
13384
13387
13389
13390
13394
13396
13398
13399
13400
13401
13402
13403
13404
13405
13406
13407
13412
13413
13414
13415
13416
13417
13418
13419
13420
13421
13422
13423
13424
13425
13427
13429
13431
13432
13433
13434
13435
13436
13440
13443
13445
13446
13448
13449
13451
13452
13453
13456
13460
13461
13462
13463
13464
13466
13467
13469
13471
13472
13473
13476
13479
13481
13482
13483
13484
13486
13487
13488
13489
13491
13492
13493
13496
13497
13498
13499
13500
13502
13503
13504
13506
13509
13511
13512
13513
13514
13515
13517
13519
13521
13522
13525
13526
13527
13528
13529
13530
13531
13532
13533
13534
13535
13539
13540
13541
13542
13545
13548
13550
13552
13553
13554
13555
13556
13557
13558
13559
13560
13562
13563
13565
13566
13567
13568
13572
13574
13575
13576
13577
13578
13579
13580
13581
13582
13583
13584
13585
13586
13587
13588
13589
13590
13591
13592
13594
13596
13597
13599
13601
13602
13603
13604
13605
13606
13607
13608
13609
13610
13612
13613
13614
13616
13617
13619
13621
13622
13623
13624
13626
13627
13628
13630
13631
13632
13633
13634
13637
13638
13642
13643
13644
13645
13647
13649
13650
13651
13653
13654
13655
13656
13659
13660
13662
13664
13667
13669
13670
13671
13672
13673
13674
13675
13677
13680
13681
13682
13683
13684
13685
13686
13687
13688
13689
13691
13692
13693
13694
13695
13696
13697
13698
13699
13700
13702
13704
13705
13706
13709
13710
13712
13713
13716
13718
13719
13721
13722
13724
13725
13726
13727
13729
13731
13732
13733
13735
13736
13737
13738
13739
13740
13741
13742
13744
13747
13751
13752
13754
13757
13765
13766
13768
13769
13770
13771
13772
13773
13774
13775
13776
13778
13780
13781
13783
13784
13787
13790
13791
13792
13794
13796
13798
13799
13801
13802
13804
13805
13806
13808
13810
13811
13812
13814
13816
13817
13818
13822
13823
13824
13825
13827
13828
13830
13831
13832
13833
13837
13838
13839
13841
13843
13844
13847
13848
13849
13850
13852
13853
13854
13855
13856
13857
13858
13863
13864
13865
13867
13869
13870
13871
13875
13876
13877
13878
13882
13884
13885
13886
13887
13888
13889
13890
13891
13893
13894
13895
13896
13899
13900
13901
13902
13903
13904
13905
13906
13911
13913
13914
13915
13916
13917
13920
13922
13923
13925
13926
13927
13928
13931
13932
13933
13935
13937
13938
13940
13941
13942
13943
13944
13946
13947
13948
13949
13950
13951
13952
13953
13954
13955
13956
13957
13958
13959
13960
13961
13963
13964
13965
13966
13967
13969
13970
13972
13973
13977
13978
13979
13980
13983
13984
13985
13987
13988
13989
13991
13992
13993
13994
13996
13999
14001
14004
14006
14008
14010
14012
14015
14017
14023
14024
14030
14031
14033
14034
14035
14036
14037
14038
14041
14043
14044
14045
14047
14048
14050
14051
14053
14054
14055
14058
14059
14060
14061
14062
14063
14064
14065
14066
14067
14070
14073
14075
14077
14080
14082
14083
14085
14086
14089
14092
14093
14095
14096
14098
14099
14100
14101
14102
14103
14104
14105
14106
14107
14108
14109
14110
14112
14113
14115
14116
14117
14119
14120
14121
14122
14123
14125
14127
14128
14129
14131
14132
14133
14134
14135
14137
14139
14141
14142
14143
14145
14146
14149
14150
14151
14153
14154
14155
14160
14162
14165
14166
14168
14169
14170
14171
14172
14173
14175
14176
14177
14178
14181
14182
14184
14186
14188
14189
14191
14195
14196
14197
14198
14199
14200
14202
14203
14204
14205
14207
14210
14212
14216
14217
14219
14222
14225
14226
14227
14229
14230
14231
14232
14233
14235
14237
14239
14241
14243
14244
14245
14249
14250
14252
14253
14254
14255
14256
14257
14258
14260
14263
14264
14265
14266
14268
14272
14274
14275
14276
14281
14283
14284
14286
14287
14289
14290
14291
14292
14293
14294
14295
14296
14297
14299
14300
14301
14302
14304
14305
14306
14308
14311
14312
14314
14316
14317
14319
14321
14322
14323
14324
14326
14327
14328
14329
14331
14332
14334
14336
14338
14339
14342
14343
14347
14348
14350
14351
14352
14353
14357
14358
14359
14360
14361
14363
14364
14366
14367
14368
14371
14375
14376
14377
14379
14380
14381
14383
14385
14386
14387
14388
14389
14390
14391
14393
14395
14398
14400
14401
14402
14405
14406
14408
14410
14412
14415
14417
14418
14419
14422
14424
14429
14430
14431
14432
14435
14437
14438
14439
14440
14441
14442
14443
14445
14446
14447
14448
14449
14451
14452
14454
14455
14457
14458
14461
14463
14464
14465
14466
14467
14468
14469
14470
14471
14474
14475
14476
14478
14480
14481
14482
14483
14484
14485
14486
14487
14488
14492
14493
14494
14495
14497
14498
14499
14500
14501
14504
14505
14507
14510
14511
14514
14515
14518
14519
14520
14522
14523
14524
14525
14526
14527
14528
14529
14530
14531
14533
14534
14535
14536
14538
14539
14541
14542
14543
14544
14545
14546
14547
14550
14551
14554
14555
14556
14557
14558
14559
14560
14561
14562
14564
14565
14566
14567
14568
14570
14572
14574
14576
14578
14579
14581
14582
14583
14585
14589
14590
14591
14592
14593
14594
14595
14598
14599
14600
14602
14603
14604
14605
14607
14608
14609
14611
14613
14615
14617
14618
14619
14620
14621
14623
14624
14625
14626
14627
14628
14630
14631
14632
14633
14634
14637
14638
14639
14640
14641
14642
14643
14644
14646
14647
14648
14649
14650
14651
14652
14654
14655
14656
14659
14661
14664
14670
14674
14675
14676
14677
14680
14681
14682
14683
14685
14686
14687
14688
14690
14691
14693
14697
14699
14700
14701
14703
14704
14707
14708
14711
14712
14715
14716
14717
14720
14721
14723
14724
14725
14726
14727
14728
14729
14730
14731
14732
14733
14734
14735
14738
14741
14742
14743
14744
14746
14748
14750
14752
14754
14755
14756
14758
14761
14762
14763
14764
14765
14766
14767
14768
14769
14770
14771
14773
14774
14777
14778
14779
14780
14781
14782
14783
14784
14785
14786
14787
14788
14790
14792
14794
14795
14796
14797
14799
14801
14802
14803
14805
14808
14810
14811
14812
14813
14814
14815
14816
14817
14818
14821
14822
14823
14824
14825
14828
14829
14833
14834
14837
14838
14839
14840
14841
14842
14843
14844
14847
14848
14849
14851
14853
14857
14861
14862
14863
14864
14865
14866
14867
14868
14870
14871
14873
14874
14875
14876
14877
14879
14880
14882
14883
14884
14885
14886
14887
14888
14889
14890
14891
14892
14893
14897
14899
14900
14902
14903
14904
14905
14906
14909
14912
14915
14916
14917
14918
14919
14920
14921
14922
14924
14925
14926
14927
14930
14931
14932
14933
14934
14936
14937
14938
14939
14941
14942
14943
14946
14947
14948
14949
14951
14952
14953
14954
14955
14957
14958
14959
14960
14961
14962
14963
14964
14965
14966
14967
14968
14971
14973
14974
14975
14976
14978
14979
14981
14983
14984
14985
14986
14987
14989
14990
14992
14993
14996
14999
15000
15003
15004
15005
15006
15007
15009
15011
15012
15013
15015
15016
15018
15021
15022
15023
15024
15025
15026
15027
15029
15030
15031
15032
15034
15036
15037
15038
15040
15041
15042
15043
15044
15045
15046
15047
15048
15049
15050
15051
15052
15053
15054
15055
15056
15057
15059
15060
15061
15062
15064
15065
15067
15068
15070
15071
15072
15073
15074
15075
15076
15077
15078
15079
15080
15082
15083
15085
15086
15087
15090
15092
15098
15100
15101
15102
15103
15105
15107
15108
15109
15110
15111
15115
15116
15117
15118
15125
15126
15127
15129
15131
15132
15135
15136
15139
15140
15141
15142
15146
15147
15148
15150
15151
15152
15153
15154
15155
15157
15158
15160
15161
15163
15164
15166
15167
15169
15170
15171
15173
15174
15175
15176
15177
15178
15179
15182
15183
15184
15187
15188
15191
15192
15193
15194
15196
15199
15200
15203
15204
15205
15206
15210
15212
15213
15214
15216
15217
15218
15219
15221
15222
15223
15225
15226
15227
15228
15229
15233
15234
15236
15237
15238
15239
15240
15241
15243
15244
15246
15247
15248
15249
15250
15251
15252
15253
15255
15256
15257
15259
15260
15261
15262
15263
15266
15269
15270
15272
15273
15276
15277
15278
15279
15280
15281
15282
15283
15284
15286
15287
15289
15290
15292
15293
15294
15295
15296
15298
15301
15302
15303
15305
15307
15310
15311
15312
15316
15317
15318
15319
15322
15325
15326
15327
15328
15329
15332
15333
15334
15335
15336
15337
15339
15340
15343
15344
15346
15349
15350
15354
15355
15356
15357
15358
15359
15360
15362
15363
15367
15368
15369
15370
15371
15372
15373
15376
15377
15378
15379
15381
15382
15383
15385
15387
15388
15389
15390
15391
15393
15395
15396
15401
15402
15403
15406
15407
15408
15409
15410
15411
15412
15415
15416
15417
15418
15419
15420
15421
15423
15424
15425
15428
15429
15431
15432
15434
15435
15436
15439
15440
15441
15443
15444
15446
15447
15448
15449
15451
15453
15454
15455
15456
15458
15459
15460
15461
15462
15463
15464
15465
15466
15467
15469
15471
15472
15474
15476
15477
15480
15482
15483
15484
15485
15486
15487
15489
15490
15491
15492
15493
15495
15498
15499
15500
15501
15502
15503
15504
15505
15506
15508
15509
15510
15511
15512
15513
15514
15515
15516
15517
15518
15521
15522
15523
15526
15530
15531
15537
15538
15539
15540
15541
15542
15543
15544
15545
15546
15547
15548
15550
15551
15552
15553
15554
15556
15559
15561
15562
15563
15564
15565
15566
15567
15568
15569
15570
15571
15572
15575
15576
15578
15579
15580
15581
15583
15584
15586
15588
15589
15590
15592
15594
15595
15596
15597
15598
15599
15601
15602
15603
15605
15606
15609
15610
15611
15612
15613
15614
15616
15617
15618
15619
15621
15623
15624
15626
15627
15628
15629
15633
15634
15635
15639
15641
15643
15646
15648
15649
15650
15653
15654
15656
15658
15659
15660
15662
15664
15665
15666
15667
15669
15670
15671
15672
15674
15675
15676
15678
15679
15680
15681
15682
15684
15685
15686
15688
15691
15692
15693
15695
15696
15701
15702
15703
15705
15706
15708
15709
15710
15711
15713
15715
15718
15720
15721
15722
15725
15726
15728
15729
15731
15732
15733
15734
15735
15736
15737
15738
15739
15741
15742
15743
15744
15746
15747
15748
15750
15751
15752
15753
15754
15755
15757
15758
15759
15760
15763
15766
15767
15768
15770
15773
15774
15775
15776
15777
15779
15781
15783
15784
15786
15788
15790
15791
15792
15793
15794
15797
15798
15799
15802
15803
15804
15808
15809
15810
15811
15813
15814
15816
15817
15819
15820
15824
15825
15826
15827
15828
15829
15830
15831
15832
15833
15834
15835
15838
15839
15840
15842
15843
15845
15846
15847
15848
15849
15851
15852
15854
15856
15857
15858
15859
15861
15865
15866
15869
15872
15873
15874
15875
15876
15877
15879
15880
15883
15886
15887
15888
15889
15893
15896
15897
15899
15901
15902
15903
15904
15905
15907
15908
15909
15910
15911
15912
15913
15914
15918
15919
15920
15922
15923
15924
15925
15927
15929
15930
15932
15933
15934
15936
15938
15939
15941
15942
15943
15945
15947
15948
15949
15950
15951
15952
15953
15954
15955
15956
15957
15958
15960
15962
15964
15965
15966
15967
15968
15969
15970
15971
15972
15973
15974
15976
15977
15978
15979
15981
15982
15983
15984
15985
15986
15987
15988
15989
15990
15992
15994
15996
15997
15999
16001
16002
16003
16004
16005
16007
16009
16011
16012
16014
16016
16017
16018
16019
16020
16021
16022
16023
16027
16028
16030
16031
16033
16035
16036
16039
16040
16042
16047
16048
16051
16052
16054
16055
16057
16058
16063
16064
16065
16068
16069
16071
16073
16074
16076
16077
16078
16079
16080
16081
16083
16084
16085
16087
16088
16091
16092
16094
16098
16099
16100
16101
16102
16104
16105
16106
16107
16108
16109
16111
16112
16114
16115
16116
16117
16118
16120
16121
16122
16123
16124
16125
16126
16127
16129
16132
16133
16135
16137
16138
16139
16141
16145
16146
16147
16149
16150
16151
16152
16154
16155
16156
16157
16160
16162
16163
16164
16165
16166
16167
16168
16171
16173
16174
16175
16177
16178
16179
16182
16183
16185
16188
16189
16190
16193
16194
16195
16196
16199
16200
16202
16203
16204
16205
16207
16209
16211
16213
16214
16215
16216
16217
16218
16220
16223
16225
16228
16229
16230
16233
16236
16240
16243
16244
16245
16248
16249
16251
16252
16253
16254
16256
16258
16259
16260
16262
16263
16265
16266
16268
16269
16270
16272
16274
16275
16276
16277
16280
16281
16282
16284
16285
16286
16288
16289
16290
16294
16295
16296
16297
16298
16299
16300
16302
16304
16308
16309
16310
16312
16313
16314
16315
16316
16317
16318
16319
16320
16321
16324
16325
16326
16327
16328
16329
16330
16331
16332
16333
16334
16337
16338
16339
16340
16341
16342
16343
16345
16347
16348
16349
16351
16352
16354
16356
16358
16359
16360
16361
16363
16364
16365
16366
16367
16369
16370
16371
16372
16373
16376
16378
16380
16383
16384
16385
16386
16387
16388
16390
16391
16393
16395
16396
16397
16398
16399
16400
16401
16402
16403
16404
16405
16406
16407
16408
16409
16410
16411
16412
16413
16416
16417
16419
16421
16422
16423
16424
16426
16427
16428
16429
16430
16433
16435
16436
16439
16440
16441
16444
16445
16446
16447
16448
16450
16452
16454
16456
16457
16461
16462
16463
16464
16467
16468
16470
16471
16472
16474
16477
16480
16482
16483
16484
16485
16487
16488
16489
16490
16492
16493
16495
16496
16498
16499
16501
16503
16504
16509
16510
16511
16512
16513
16514
16515
16516
16517
16518
16520
16523
16524
16525
16527
16528
16529
16532
16533
16534
16535
16538
16539
16540
16541
16542
16543
16545
16546
16549
16550
16551
16552
16553
16555
16556
16557
16560
16561
16562
16564
16565
16566
16567
16570
16573
16574
16575
16578
16581
16582
16583
16584
16585
16586
16588
16590
16591
16592
16594
16596
16597
16599
16601
16602
16603
16604
16605
16606
16607
16608
16609
16611
16615
16616
16617
16619
16620
16622
16624
16625
16629
16630
16631
16632
16633
16634
16636
16640
16642
16644
16645
16646
16647
16648
16649
16650
16651
16652
16653
16655
16656
16657
16658
16659
16660
16661
16663
16665
16667
16668
16669
16670
16671
16672
16674
16675
16677
16678
16679
16681
16682
16683
16685
16687
16688
16689
16690
16692
16693
16694
16696
16697
16699
16700
16701
16704
16709
16710
16711
16713
16717
16718
16719
16721
16722
16723
16724
16726
16727
16729
16730
16731
16732
16733
16735
16737
16738
16739
16742
16744
16745
16746
16748
16749
16751
16752
16754
16755
16756
16759
16760
16764
16765
16766
16767
16768
16769
16770
16771
16772
16773
16774
16775
16777
16778
16780
16781
16782
16785
16786
16787
16788
16789
16790
16791
16792
16793
16794
16795
16797
16798
16801
16802
16803
16806
16807
16809
16810
16811
16812
16813
16814
16815
16816
16817
16818
16820
16821
16822
16824
16825
16826
16827
16828
16829
16831
16832
16833
16834
16836
16837
16838
16839
16840
16841
16842
16843
16844
16845
16846
16847
16849
16850
16852
16853
16854
16855
16856
16858
16859
16863
16865
16866
16867
16869
16870
16873
16876
16879
16884
16885
16886
16887
16889
16890
16891
16893
16895
16896
16897
16898
16900
16902
16903
16905
16907
16909
16910
16911
16912
16915
16918
16919
16923
16924
16925
16926
16927
16928
16929
16930
16931
16932
16934
16936
16937
16938
16939
16940
16941
16942
16944
16945
16948
16949
16951
16953
16954
16955
16956
16958
16959
16960
16961
16962
16964
16966
16967
16968
16969
16972
16973
16976
16977
16979
16980
16982
16983
16986
16987
16988
16989
16992
16993
16994
16995
16996
16997
17002
17003
17004
17005
17006
17007
17010
17011
17012
17014
17015
17021
17022
17024
17025
17027
17028
17029
17030
17031
17033
17035
17036
17037
17038
17039
17040
17041
17042
17044
17046
17048
17049
17050
17051
17052
17055
17056
17057
17063
17066
17067
17068
17069
17070
17071
17072
17073
17074
17075
17077
17078
17079
17080
17082
17083
17084
17085
17086
17087
17088
17089
17090
17091
17092
17093
17094
17095
17096
17097
17099
17100
17101
17102
17103
17104
17105
17106
17108
17112
17113
17114
17115
17116
17117
17118
17119
17121
17123
17124
17125
17126
17128
17129
17132
17133
17138
17140
17141
17142
17143
17147
17148
17149
17150
17151
17153
17155
17156
17160
17161
17162
17163
17164
17165
17166
17167
17169
17170
17172
17174
17175
17177
17178
17179
17181
17183
17184
17185
17186
17187
17188
17189
17190
17192
17195
17196
17197
17198
17201
17202
17203
17204
17205
17207
17208
17209
17211
17212
17213
17214
17215
17217
17219
17220
17223
17224
17226
17227
17228
17229
17232
17233
17234
17235
17238
17239
17240
17241
17242
17243
17247
17248
17249
17250
17252
17253
17254
17257
17259
17260
17261
17262
17263
17264
17265
17266
17267
17269
17270
17271
17272
17275
17276
17277
17283
17286
17287
17288
17290
17291
17292
17293
17295
17300
17301
17305
17306
17307
17308
17309
17310
17311
17312
17313
17314
17315
17317
17318
17319
17320
17321
17322
17323
17324
17325
17326
17327
17328
17329
17334
17335
17336
17337
17346
17351
17352
17355
17358
17359
17361
17362
17363
17365
17366
17367
17368
17370
17372
17374
17375
17376
17377
17378
17379
17381
17382
17383
17384
17386
17387
17390
17393
17394
17395
17397
17398
17400
17402
17403
17404
17406
17407
17408
17409
17410
17411
17414
17416
17417
